Iteration : 1
cluster 1 : 528
cluster 2 : 266
cluster 3 : 1916
cluster 4 : 517
cluster 5 : 626
cluster 6 : 411
cluster 7 : 577
cluster 8 : 356
cluster 9 : 120
cluster 10 : 325
cluster 11 : 702
cluster 12 : 556
cluster 13 : 303
cluster 14 : 315
cluster 15 : 314
cluster 16 : 172
cluster 17 : 461
cluster 18 : 237
cluster 19 : 1895
cluster 20 : 467
cluster 21 : 371
cluster 22 : 544
cluster 23 : 559
cluster 24 : 356
cluster 25 : 96
cluster 26 : 176
cluster 27 : 652
cluster 28 : 504
cluster 29 : 227
cluster 30 : 170
cluster 31 : 279
cluster 32 : 222
distortion : 2.8197
Iteration : 2
cluster 1 : 520
cluster 2 : 254
cluster 3 : 1950
cluster 4 : 465
cluster 5 : 585
cluster 6 : 382
cluster 7 : 551
cluster 8 : 341
cluster 9 : 148
cluster 10 : 336
cluster 11 : 579
cluster 12 : 647
cluster 13 : 297
cluster 14 : 399
cluster 15 : 374
cluster 16 : 171
cluster 17 : 444
cluster 18 : 239
cluster 19 : 1811
cluster 20 : 511
cluster 21 : 401
cluster 22 : 518
cluster 23 : 586
cluster 24 : 373
cluster 25 : 94
cluster 26 : 150
cluster 27 : 802
cluster 28 : 448
cluster 29 : 242
cluster 30 : 156
cluster 31 : 219
cluster 32 : 227
distortion : 2.55845
Iteration : 3
cluster 1 : 511
cluster 2 : 248
cluster 3 : 1922
cluster 4 : 463
cluster 5 : 574
cluster 6 : 367
cluster 7 : 529
cluster 8 : 311
cluster 9 : 159
cluster 10 : 312
cluster 11 : 510
cluster 12 : 726
cluster 13 : 308
cluster 14 : 486
cluster 15 : 412
cluster 16 : 174
cluster 17 : 431
cluster 18 : 246
cluster 19 : 1832
cluster 20 : 497
cluster 21 : 409
cluster 22 : 472
cluster 23 : 608
cluster 24 : 400
cluster 25 : 99
cluster 26 : 143
cluster 27 : 842
cluster 28 : 385
cluster 29 : 241
cluster 30 : 178
cluster 31 : 181
cluster 32 : 244
distortion : 2.48779
Iteration : 4
cluster 1 : 500
cluster 2 : 239
cluster 3 : 1904
cluster 4 : 460
cluster 5 : 583
cluster 6 : 353
cluster 7 : 523
cluster 8 : 293
cluster 9 : 180
cluster 10 : 258
cluster 11 : 477
cluster 12 : 791
cluster 13 : 316
cluster 14 : 535
cluster 15 : 432
cluster 16 : 182
cluster 17 : 415
cluster 18 : 267
cluster 19 : 1854
cluster 20 : 476
cluster 21 : 408
cluster 22 : 453
cluster 23 : 614
cluster 24 : 412
cluster 25 : 101
cluster 26 : 179
cluster 27 : 820
cluster 28 : 319
cluster 29 : 233
cluster 30 : 216
cluster 31 : 161
cluster 32 : 266
distortion : 2.43927
Iteration : 5
cluster 1 : 494
cluster 2 : 248
cluster 3 : 1878
cluster 4 : 460
cluster 5 : 608
cluster 6 : 336
cluster 7 : 515
cluster 8 : 297
cluster 9 : 191
cluster 10 : 231
cluster 11 : 473
cluster 12 : 824
cluster 13 : 325
cluster 14 : 553
cluster 15 : 445
cluster 16 : 192
cluster 17 : 404
cluster 18 : 275
cluster 19 : 1879
cluster 20 : 448
cluster 21 : 394
cluster 22 : 451
cluster 23 : 622
cluster 24 : 411
cluster 25 : 103
cluster 26 : 208
cluster 27 : 801
cluster 28 : 262
cluster 29 : 225
cluster 30 : 239
cluster 31 : 148
cluster 32 : 280
distortion : 2.40875
Iteration : 6
cluster 1 : 491
cluster 2 : 264
cluster 3 : 1856
cluster 4 : 445
cluster 5 : 628
cluster 6 : 312
cluster 7 : 513
cluster 8 : 305
cluster 9 : 201
cluster 10 : 194
cluster 11 : 472
cluster 12 : 843
cluster 13 : 331
cluster 14 : 575
cluster 15 : 452
cluster 16 : 206
cluster 17 : 395
cluster 18 : 291
cluster 19 : 1892
cluster 20 : 430
cluster 21 : 391
cluster 22 : 447
cluster 23 : 624
cluster 24 : 401
cluster 25 : 105
cluster 26 : 234
cluster 27 : 796
cluster 28 : 222
cluster 29 : 218
cluster 30 : 247
cluster 31 : 141
cluster 32 : 298
distortion : 2.38997
Iteration : 7
cluster 1 : 490
cluster 2 : 271
cluster 3 : 1840
cluster 4 : 429
cluster 5 : 629
cluster 6 : 300
cluster 7 : 512
cluster 8 : 314
cluster 9 : 205
cluster 10 : 177
cluster 11 : 473
cluster 12 : 839
cluster 13 : 333
cluster 14 : 565
cluster 15 : 457
cluster 16 : 234
cluster 17 : 389
cluster 18 : 309
cluster 19 : 1909
cluster 20 : 403
cluster 21 : 392
cluster 22 : 447
cluster 23 : 625
cluster 24 : 395
cluster 25 : 108
cluster 26 : 264
cluster 27 : 788
cluster 28 : 212
cluster 29 : 214
cluster 30 : 253
cluster 31 : 136
cluster 32 : 308
distortion : 2.38037
Iteration : 8
cluster 1 : 487
cluster 2 : 270
cluster 3 : 1832
cluster 4 : 412
cluster 5 : 629
cluster 6 : 305
cluster 7 : 511
cluster 8 : 323
cluster 9 : 214
cluster 10 : 166
cluster 11 : 473
cluster 12 : 837
cluster 13 : 338
cluster 14 : 547
cluster 15 : 460
cluster 16 : 242
cluster 17 : 381
cluster 18 : 318
cluster 19 : 1919
cluster 20 : 393
cluster 21 : 393
cluster 22 : 448
cluster 23 : 626
cluster 24 : 396
cluster 25 : 110
cluster 26 : 287
cluster 27 : 781
cluster 28 : 207
cluster 29 : 206
cluster 30 : 258
cluster 31 : 133
cluster 32 : 318
distortion : 2.37469
Iteration : 9
cluster 1 : 483
cluster 2 : 269
cluster 3 : 1815
cluster 4 : 398
cluster 5 : 633
cluster 6 : 303
cluster 7 : 511
cluster 8 : 329
cluster 9 : 218
cluster 10 : 162
cluster 11 : 473
cluster 12 : 828
cluster 13 : 339
cluster 14 : 540
cluster 15 : 461
cluster 16 : 264
cluster 17 : 374
cluster 18 : 320
cluster 19 : 1932
cluster 20 : 379
cluster 21 : 392
cluster 22 : 451
cluster 23 : 626
cluster 24 : 400
cluster 25 : 117
cluster 26 : 307
cluster 27 : 779
cluster 28 : 207
cluster 29 : 202
cluster 30 : 262
cluster 31 : 132
cluster 32 : 314
distortion : 2.37152
Iteration : 10
cluster 1 : 478
cluster 2 : 261
cluster 3 : 1801
cluster 4 : 387
cluster 5 : 636
cluster 6 : 296
cluster 7 : 511
cluster 8 : 327
cluster 9 : 226
cluster 10 : 150
cluster 11 : 473
cluster 12 : 823
cluster 13 : 339
cluster 14 : 543
cluster 15 : 462
cluster 16 : 284
cluster 17 : 366
cluster 18 : 322
cluster 19 : 1947
cluster 20 : 366
cluster 21 : 392
cluster 22 : 457
cluster 23 : 626
cluster 24 : 407
cluster 25 : 122
cluster 26 : 327
cluster 27 : 776
cluster 28 : 207
cluster 29 : 201
cluster 30 : 263
cluster 31 : 131
cluster 32 : 313
distortion : 2.36989
Iteration : 11
cluster 1 : 477
cluster 2 : 256
cluster 3 : 1794
cluster 4 : 376
cluster 5 : 637
cluster 6 : 292
cluster 7 : 511
cluster 8 : 327
cluster 9 : 228
cluster 10 : 140
cluster 11 : 473
cluster 12 : 822
cluster 13 : 339
cluster 14 : 543
cluster 15 : 462
cluster 16 : 302
cluster 17 : 363
cluster 18 : 320
cluster 19 : 1953
cluster 20 : 356
cluster 21 : 393
cluster 22 : 460
cluster 23 : 627
cluster 24 : 411
cluster 25 : 124
cluster 26 : 346
cluster 27 : 775
cluster 28 : 207
cluster 29 : 201
cluster 30 : 262
cluster 31 : 131
cluster 32 : 312
distortion : 2.36899
